{
    "lr_spikes": 0.000018851981509875897,
    "lr_dec": 0.027807395238185775,
    "tau_Osc": 0.0014146878147650332,
    "tau_Osc_Ie": 0.01343702105008026,
    "gain_syn": 3.6614729312754077,
    "gain_syn_rec": 0.2604794246640991
}