{
    "lr_spikes": 0.012669820220057386,
    "lr_dec": 0.00042763268796507353,
    "tau_Osc": 0.004315253754050965,
    "tau_Osc_Ie": 0.00574872427916821,
    "gain_syn": 0.46717166798788723,
    "gain_syn_rec": 0.6227349297918264
}